('zouan1000007+华A58M83', [17, 27, 17, 17, 90, 192, 192, 1810, 224, 19, 24])
('duxu1000009+华AT75H8', [42, 55, 49, 49, 498, 504, 504, 4836, 570, 49, 47])
('hanhui1000002+华AZI419', [60, 54, 36, 36, 297, 467, 467, 5324, 564, 59, 45])
('panxian1000005+华AX542C', [19, 27, 22, 22, 248, 219, 219, 2194, 264, 18, 30])
('xiexiao1000001+华AEB132', [48, 44, 53, 53, 677, 477, 477, 4866, 580, 61, 47])
('haowei1000008+华A709GB', [8, 9, 8, 8, 32, 107, 107, 895, 113, 15, 13])
('shenxian1000004+华ADJ750', [31, 30, 25, 25, 372, 220, 220, 2217, 262, 28, 31])
('likun1000003+华AVM936', [46, 45, 39, 39, 357, 422, 422, 4080, 462, 49, 45])
('zengpeng1000000+华AZQ110', [30, 29, 19, 19, 114, 225, 225, 2295, 283, 17, 31])
('xiezhi1000006+华A6CU11', [41, 39, 47, 47, 321, 404, 404, 3906, 497, 54, 47])
