('zouan1000007+华A58M83', [40, 40, 35, 35, 312, 365, 364, 3883, 425, 40, 41])
('hanhui1000002+华AZI419', [33, 44, 32, 32, 161, 279, 279, 2580, 352, 28, 30])
('panxian1000005+华AX542C', [42, 50, 48, 48, 403, 456, 456, 4331, 598, 64, 63])
('xiexiao1000001+华AEB132', [49, 54, 45, 45, 482, 405, 404, 3850, 508, 44, 52])
('shenxian1000004+华ADJ750', [37, 35, 21, 21, 210, 220, 220, 2305, 272, 34, 21])
('likun1000003+华AVM936', [33, 42, 30, 30, 220, 348, 348, 3480, 390, 39, 39])
('duxu1000009+华AT75H8', [18, 22, 15, 15, 106, 177, 177, 1752, 182, 25, 17])
('haowei1000008+华A709GB', [32, 28, 22, 22, 252, 262, 262, 2295, 287, 28, 25])
('zengpeng1000000+华AZQ110', [25, 35, 25, 25, 223, 226, 226, 1859, 259, 26, 27])
('xiezhi1000006+华A6CU11', [16, 20, 20, 20, 118, 182, 182, 1636, 199, 28, 20])
