('hanhui1000002+华AZI419', [2.0, 5.0, 2.0, 2.0, 5.0, 29.0, 29.0, 127.0, 24.0, 1.0, 1.0])
('duxu1000009+华AT75H8', [18.0, 22.0, 15.0, 15.0, 106.0, 177.0, 177.0, 1752.0, 182.0, 25.0, 17.0])
('shenxian1000004+华ADJ750', [29.0, 25.0, 20.0, 20.0, 204.0, 161.0, 161.0, 1733.0, 206.0, 24.0, 17.0])
('zengpeng1000000+华AZQ110', [64.0, 71.0, 50.0, 50.0, 585.0, 495.0, 495.0, 4088.0, 592.0, 57.0, 53.0])
('likun1000003+华AVM936', [18.0, 23.0, 18.0, 18.0, 116.0, 209.0, 209.0, 2250.0, 248.0, 25.0, 23.0])
('panxian1000005+华AX542C', [54.0, 44.0, 46.0, 46.0, 419.0, 458.0, 458.0, 4295.0, 590.0, 60.0, 62.0])
('xiexiao1000001+华AEB132', [27.0, 31.0, 25.0, 25.0, 349.0, 207.0, 206.0, 2020.0, 276.0, 29.0, 21.0])
('xiezhi1000006+华A6CU11', [16.0, 20.0, 20.0, 20.0, 118.0, 182.0, 182.0, 1636.0, 199.0, 28.0, 20.0])
('zouan1000007+华A58M83', [52.0, 57.0, 54.0, 54.0, 522.0, 543.0, 542.0, 5515.0, 597.0, 63.0, 63.0])
('haowei1000008+华A709GB', [58.0, 58.0, 42.0, 42.0, 505.0, 501.0, 500.0, 5028.0, 561.0, 56.0, 48.0])
