('shenxian1000004+华ADJ750', [39.0, 33.0, 30.0, 30.0, 343.0, 338.0, 338.0, 3564.0, 442.0, 40.0, 48.0])
('hanhui1000002+华AZI419', [56.0, 76.0, 59.0, 59.0, 626.0, 537.0, 537.0, 4900.0, 639.0, 86.0, 62.0])
('duxu1000009+华AT75H8', [8.0, 6.0, 9.0, 9.0, 85.0, 54.0, 54.0, 389.0, 71.0, 8.0, 9.0])
('likun1000003+华AVM936', [20.0, 29.0, 17.0, 17.0, 162.0, 255.0, 254.0, 2444.0, 239.0, 34.0, 35.0])
('xiexiao1000001+华AEB132', [5.0, 9.0, 3.0, 3.0, 37.0, 95.0, 95.0, 834.0, 116.0, 15.0, 11.0])
('xiezhi1000006+华A6CU11', [0, 0, 0, 0, 0, 0, 0, 0, 0, 0, 0])
('zouan1000007+华A58M83', [57.0, 57.0, 59.0, 59.0, 581.0, 492.0, 492.0, 4567.0, 577.0, 83.0, 47.0])
('panxian1000005+华AX542C', [28.0, 37.0, 27.0, 27.0, 216.0, 248.0, 248.0, 2629.0, 295.0, 21.0, 28.0])
('zengpeng1000000+华AZQ110', [17.0, 20.0, 15.0, 15.0, 102.0, 181.0, 181.0, 1710.0, 202.0, 20.0, 24.0])
('haowei1000008+华A709GB', [54.0, 51.0, 47.0, 47.0, 471.0, 408.0, 408.0, 3781.0, 506.0, 51.0, 50.0])
