('hanhui1000002+华AZI419', [401.0, 444.0, 327.0, 327.0, 2844.0, 3349.0, 3349.0, 31813.0, 3997.0, 433.0, 371.0])
('duxu1000009+华AT75H8', [238.0, 284.0, 247.0, 247.0, 2632.0, 2301.0, 2300.0, 22338.0, 2814.0, 264.0, 248.0])
('shenxian1000004+华ADJ750', [374.0, 356.0, 297.0, 297.0, 2810.0, 3126.0, 3126.0, 31494.0, 3767.0, 383.0, 366.0])
('zengpeng1000000+华AZQ110', [340.0, 344.0, 272.0, 272.0, 2894.0, 2763.0, 2762.0, 25479.0, 3274.0, 284.0, 337.0])
('likun1000003+华AVM936', [341.0, 354.0, 291.0, 291.0, 3043.0, 3044.0, 3043.0, 28728.0, 3552.0, 347.0, 376.0])
('panxian1000005+华AX542C', [395.0, 434.0, 330.0, 330.0, 2930.0, 3531.0, 3530.0, 33946.0, 4307.0, 417.0, 441.0])
('xiexiao1000001+华AEB132', [264.0, 261.0, 248.0, 248.0, 2525.0, 2324.0, 2320.0, 23434.0, 2720.0, 314.0, 253.0])
('xiezhi1000006+华A6CU11', [255.0, 310.0, 254.0, 254.0, 2074.0, 2535.0, 2535.0, 23942.0, 2931.0, 312.0, 279.0])
('zouan1000007+华A58M83', [360.0, 385.0, 315.0, 315.0, 2997.0, 3181.0, 3179.0, 31248.0, 3594.0, 389.0, 385.0])
('haowei1000008+华A709GB', [321.0, 314.0, 255.0, 255.0, 2659.0, 2639.0, 2635.0, 25522.0, 3204.0, 312.0, 318.0])
